%!PS
%%BoundingBox: -36 -39 3 39 
%%HiResBoundingBox: -35.41202 -38.73473 2.86931 38.74391 
%%Creator: MetaPost 2.02
%%CreationDate: 2024.09.27:1103
%%Pages: 1
%%BeginProlog
%%EndProlog
%%Page: 1 1
 0 0 0 setrgbcolor 0 5.7386 dtransform truncate idtransform setlinewidth pop
 [] 0 setdash 1 setlinecap 1 setlinejoin 10 setmiterlimit
newpath 0 -35.86542 moveto
0 14.34595 lineto
0 19.84506 -1.60797 25.2686 -5.04265 29.56201 curveto
-8.27101 33.5975 -12.64938 35.86514 -17.21532 35.86514 curveto
-21.78125 35.86514 -26.15962 33.5975 -29.38799 29.56201 curveto
-39.03244 17.50633 -25.46683 -0.7996 -3.58676 -1.43468 curveto
-2.39143 -1.46938 -1.19533 -1.46938 0 -1.43468 curveto stroke
newpath -17.66293 1.72961 moveto
-20.46338 5.42093 -22.28351 9.76126 -22.9536 14.34595 curveto
-24.07527 22.02034 -21.95517 29.81557 -17.10101 35.86467 curveto
-17.08264 35.88756 -17.00282 35.86362 -17.05487 35.86421 curveto
-17.21532 35.86514 lineto
-21.78125 35.86514 -26.15962 33.5975 -29.38799 29.56201 curveto
-36.72433 20.39148 -30.63052 7.60432 -17.66293 1.72961 curveto
 closepath stroke
newpath -17.66293 1.72961 moveto
-20.46338 5.42093 -22.28351 9.76126 -22.9536 14.34595 curveto
-24.07527 22.02034 -21.95517 29.81557 -17.10101 35.86467 curveto
-17.08264 35.88756 -17.00282 35.86362 -17.05487 35.86421 curveto
-17.21532 35.86514 lineto
-21.78125 35.86514 -26.15962 33.5975 -29.38799 29.56201 curveto
-36.72433 20.39148 -30.63052 7.60432 -17.66293 1.72961 curveto
 closepath fill
showpage
%%EOF
