%!PS
%%BoundingBox: -42 -39 32 42 
%%HiResBoundingBox: -41.61504 -38.73473 31.5612 41.6111 
%%Creator: MetaPost 2.02
%%CreationDate: 2024.09.27:1103
%%Pages: 1
%%BeginProlog
%%EndProlog
%%Page: 1 1
 0 0 0 setrgbcolor 0 5.7386 dtransform truncate idtransform setlinewidth pop
 [] 0 setdash 1 setlinecap 1 setlinejoin 10 setmiterlimit
newpath 17.00072 17.73187 moveto
16.4331 22.18466 14.75551 26.3334 12.17267 29.56201 curveto
8.9443 33.5975 4.56593 35.86514 0 35.86514 curveto
-4.56593 35.86514 -8.9443 33.5975 -12.17267 29.56201 curveto
-14.75551 26.3334 -16.4331 22.18466 -17.00072 17.73187 curveto stroke
newpath 17.2151 -14.34595 moveto
17.2151 -8.63844 15.40102 -3.16539 12.17267 0.87012 curveto
8.9443 4.90561 4.56593 7.17325 0 7.17325 curveto
-4.56593 7.17325 -8.9443 4.90561 -12.17267 0.87012 curveto
-15.40102 -3.16539 -17.2151 -8.63844 -17.2151 -14.34595 curveto
-17.2151 -20.05345 -15.40102 -25.5265 -12.17267 -29.56201 curveto
-8.9443 -33.5975 -4.56593 -35.86514 0 -35.86514 curveto
4.56593 -35.86514 8.9443 -33.5975 12.17267 -29.56201 curveto
15.40102 -25.5265 17.2151 -20.05345 17.2151 -14.34595 curveto closepath stroke
newpath -17.00072 17.73187 moveto
-16.4331 22.18466 -14.75551 26.3334 -12.17267 29.56201 curveto
-8.9443 33.5975 -4.56593 35.86514 0 35.86514 curveto
4.56593 35.86514 8.9443 33.5975 12.17267 29.56201 curveto
14.75551 26.3334 16.4331 22.18466 17.00072 17.73187 curveto
18.35585 7.10114 17.2151 -3.6383 17.2151 -14.34595 curveto
17.2151 -20.05345 15.40102 -25.5265 12.17267 -29.56201 curveto
8.9443 -33.5975 4.56593 -35.86514 0 -35.86514 curveto
-4.56593 -35.86514 -8.9443 -33.5975 -12.17267 -29.56201 curveto
-15.40102 -25.5265 -17.2151 -20.05345 -17.2151 -14.34595 curveto
-17.2151 -8.63844 -15.40102 -3.16539 -12.17267 0.87012 curveto
-8.9443 4.90561 -4.56593 7.17325 0 7.17325 curveto
4.56593 7.17325 8.9443 4.90561 12.17267 0.87012 curveto
15.40102 -3.16539 17.2151 -8.63844 17.2151 -14.34595 curveto stroke
newpath 28.6919 0 moveto
28.6919 9.51253 25.66843 18.6343 20.28781 25.36015 curveto
14.90721 32.08601 7.60991 35.86542 0 35.86542 curveto stroke
newpath 0 -35.86542 moveto
7.60991 -35.86542 14.90721 -32.08601 20.28781 -25.36015 curveto
25.66843 -18.6343 28.6919 -9.51253 28.6919 0 curveto stroke
 1 0 0 setrgbcolor
newpath 0 -35.86542 moveto
7.60991 -35.86542 14.90721 -32.08601 20.28781 -25.36015 curveto
25.66843 -18.6343 28.6919 -9.51253 28.6919 0 curveto
28.6919 104.65196 -101.5815 -35.86542 0 -35.86542 curveto closepath stroke
showpage
%%EOF
