%!PS
%%BoundingBox: -32 -39 32 39 
%%HiResBoundingBox: -31.5612 -38.73473 31.5612 38.73473 
%%Creator: MetaPost 2.02
%%CreationDate: 2024.09.19:1012
%%Pages: 1
%%BeginProlog
%%EndProlog
%%Page: 1 1
 0 0 0 setrgbcolor 0 5.7386 dtransform truncate idtransform setlinewidth pop
 [] 0 setdash 1 setlinejoin 10 setmiterlimit
newpath 17.00072 17.73187 moveto
16.4331 22.18466 14.75551 26.3334 12.17267 29.56201 curveto
8.9443 33.5975 4.56593 35.86514 0 35.86514 curveto
-4.56593 35.86514 -8.9443 33.5975 -12.17267 29.56201 curveto
-14.75551 26.3334 -16.4331 22.18466 -17.00072 17.73187 curveto
-18.50154 5.95827 -18.50154 -5.95827 -17.00072 -17.73187 curveto
-16.4331 -22.18466 -14.75551 -26.3334 -12.17267 -29.56201 curveto
-8.9443 -33.5975 -4.56593 -35.86514 0 -35.86514 curveto
4.56593 -35.86514 8.9443 -33.5975 12.17267 -29.56201 curveto
14.75551 -26.3334 16.4331 -22.18466 17.00072 -17.73187 curveto
18.50154 -5.95827 18.50154 5.95827 17.00072 17.73187 curveto closepath stroke
newpath 28.6919 0 moveto
28.6919 9.51253 25.66843 18.6343 20.28781 25.36015 curveto
14.90721 32.08601 7.60991 35.86542 0 35.86542 curveto
-7.60991 35.86542 -14.90721 32.08601 -20.28781 25.36015 curveto
-25.66843 18.6343 -28.6919 9.51253 -28.6919 0 curveto
-28.6919 -9.51253 -25.66843 -18.6343 -20.28781 -25.36015 curveto
-14.90721 -32.08601 -7.60991 -35.86542 0 -35.86542 curveto
7.60991 -35.86542 14.90721 -32.08601 20.28781 -25.36015 curveto
25.66843 -18.6343 28.6919 -9.51253 28.6919 0 curveto closepath stroke
newpath 28.6919 0 moveto
28.6919 9.51253 25.66843 18.6343 20.28781 25.36015 curveto
14.90721 32.08601 7.60991 35.86542 0 35.86542 curveto
-7.60991 35.86542 -14.90721 32.08601 -20.28781 25.36015 curveto
-25.66843 18.6343 -28.6919 9.51253 -28.6919 0 curveto
-28.6919 -9.51253 -25.66843 -18.6343 -20.28781 -25.36015 curveto
-14.90721 -32.08601 -7.60991 -35.86542 0 -35.86542 curveto
7.60991 -35.86542 14.90721 -32.08601 20.28781 -25.36015 curveto
25.66843 -18.6343 28.6919 -9.51253 28.6919 0 curveto closepath fill
 1 1 1 setrgbcolor
newpath 17.00072 17.73187 moveto
16.4331 22.18466 14.75551 26.3334 12.17267 29.56201 curveto
8.9443 33.5975 4.56593 35.86514 0 35.86514 curveto
-4.56593 35.86514 -8.9443 33.5975 -12.17267 29.56201 curveto
-14.75551 26.3334 -16.4331 22.18466 -17.00072 17.73187 curveto
-18.50154 5.95827 -18.50154 -5.95827 -17.00072 -17.73187 curveto
-16.4331 -22.18466 -14.75551 -26.3334 -12.17267 -29.56201 curveto
-8.9443 -33.5975 -4.56593 -35.86514 0 -35.86514 curveto
4.56593 -35.86514 8.9443 -33.5975 12.17267 -29.56201 curveto
14.75551 -26.3334 16.4331 -22.18466 17.00072 -17.73187 curveto
18.50154 -5.95827 18.50154 5.95827 17.00072 17.73187 curveto closepath fill
 0 0 0 setrgbcolor 1 setlinecap
newpath -8.87904 34.10466 moveto
-9.59189 30.15149 -9.5919 20.12512 -8.87904 16.17195 curveto
-5.50813 -2.52156 20.59586 -4.32657 26.50757 13.72508 curveto stroke
showpage
%%EOF
